19.  18.  16.  7.  11.  13.  18.  15.  36.  23.  15.
59.  54.  45.  18.  18.  32.  23.  15.  13.  4.  1.
52.  45.  46.  20.  20.  25.  21.  18.  14.  4.  0.
22.  26.  12.  10.  9.  15.  19.  3.  8.  3.  0.
1.  6.  14.  8.  15.  19.  25.  34.  52.  26.  9.
49.  76.  54.  26.  13.  22.  11.  13.  11.  1.  0.
30.  24.  33.  11.  12.  13.  13.  28.  22.  6.  7.
4.  2.  3.  2.  5.  4.  6.  9.  21.  24.  30.
28.  16.  18.  9.  12.  14.  7.  12.  9.  6.  2.
8.  6.  9.  4.  6.  8.  16.  21.  26.  24.  28.
4.  9.  15.  12.  12.  34.  32.  41.  71.  35.  18.
