2.  22.  28.  11.  13.  22.  15.  11.  24.  25.  18.
2.  8.  17.  16.  28.  38.  24.  13.  41.  52.  43.
5.  20.  24.  26.  29.  35.  26.  25.  30.  35.  10.
0.  10.  11.  11.  10.  16.  14.  6.  21.  16.  12.
7.  35.  40.  21.  18.  33.  17.  7.  20.  11.  0.
1.  19.  14.  15.  19.  38.  29.  18.  59.  53.  11.
12.  33.  14.  13.  19.  23.  17.  12.  21.  24.  11.
51.  27.  10.  2.  5.  1.  4.  4.  1.  2.  3.
1.  8.  7.  4.  8.  8.  14.  9.  23.  35.  16.
13.  27.  13.  9.  22.  20.  6.  8.  19.  13.  6.
16.  74.  31.  28.  28.  31.  25.  14.  17.  16.  3.
