5.  28.  16.  18.  11.  13.  14.  27.  18.  7.  34.
5.  12.  19.  24.  21.  32.  18.  40.  36.  20.  55.
1.  11.  11.  23.  25.  24.  15.  43.  44.  24.  44.
1.  9.  9.  11.  6.  15.  5.  17.  22.  8.  24.
1.  46.  40.  23.  28.  26.  14.  13.  13.  2.  3.
0.  5.  9.  13.  18.  24.  12.  57.  60.  36.  42.
8.  38.  24.  19.  11.  13.  13.  22.  25.  12.  14.
56.  29.  7.  7.  0.  2.  1.  3.  2.  1.  2.
1.  11.  8.  8.  8.  8.  11.  14.  28.  10.  26.
9.  24.  15.  11.  15.  10.  15.  10.  16.  6.  25.
23.  70.  51.  42.  13.  24.  9.  19.  18.  7.  7.
