0.  1.  1.  5.  12.  9.  11.  38.  11.  32.  71.
271.  10.  0.  0.  0.  0.  0.  0.  0.  0.  1.
1.  36.  37.  51.  50.  17.  12.  20.  4.  20.  17.
0.  1.  1.  8.  10.  12.  19.  19.  15.  25.  17.
8.  77.  35.  25.  30.  5.  3.  12.  3.  7.  4.
1.  19.  9.  23.  45.  27.  15.  48.  27.  39.  23.
0.  1.  3.  8.  24.  13.  13.  43.  27.  27.  40.
0.  1.  4.  13.  13.  6.  7.  35.  12.  11.  8.
0.  7.  6.  21.  26.  12.  14.  18.  10.  15.  4.
1.  24.  25.  44.  22.  11.  3.  12.  6.  3.  5.
0.  32.  35.  67.  51.  21.  13.  31.  12.  12.  9.
