0.  0.  3.  12.  15.  46.  40.  47.  23.  5.  0.
273.  9.  0.  0.  0.  0.  0.  0.  0.  0.  0.
0.  0.  3.  13.  16.  34.  45.  85.  52.  17.  0.
0.  0.  37.  63.  19.  8.  0.  0.  0.  0.  0.
0.  0.  0.  0.  0.  0.  0.  0.  4.  98.  107.
0.  0.  0.  0.  0.  0.  1.  7.  30.  136.  102.
0.  7.  60.  58.  36.  27.  8.  3.  0.  0.  0.
9.  94.  7.  0.  0.  0.  0.  0.  0.  0.  0.
0.  0.  12.  36.  27.  45.  8.  4.  1.  0.  0.
0.  0.  0.  0.  0.  16.  27.  54.  40.  19.  0.
0.  0.  5.  17.  20.  107.  62.  65.  6.  1.  0.
