2.  13.  21.  33.  47.  52.  13.  9.  1.  0.  0.
0.  0.  0.  0.  0.  0.  0.  0.  0.  4.  278.
0.  9.  35.  59.  68.  54.  18.  18.  4.  0.  0.
0.  0.  0.  0.  0.  4.  20.  57.  46.  0.  0.
135.  70.  3.  1.  0.  0.  0.  0.  0.  0.  0.
69.  151.  34.  15.  5.  2.  0.  0.  0.  0.  0.
1.  0.  0.  0.  13.  38.  37.  49.  54.  7.  0.
0.  0.  0.  0.  0.  0.  0.  0.  7.  99.  4.
0.  0.  1.  2.  5.  38.  29.  47.  11.  0.  0.
2.  29.  36.  39.  39.  11.  0.  0.  0.  0.  0.
0.  4.  26.  42.  88.  84.  16.  19.  4.  0.  0.
