13.  8.  8.  11.  24.  26.  20.  12.  27.  22.  20.
150.  40.  33.  25.  20.  6.  6.  1.  1.  0.  0.
22.  17.  14.  24.  33.  42.  21.  15.  40.  25.  12.
21.  10.  10.  16.  17.  18.  13.  6.  7.  4.  5.
2.  9.  9.  7.  24.  25.  14.  15.  47.  34.  23.
10.  12.  23.  31.  44.  45.  31.  12.  31.  24.  13.
24.  15.  8.  29.  28.  23.  17.  11.  18.  15.  11.
11.  2.  7.  11.  5.  15.  11.  7.  15.  10.  16.
18.  13.  9.  21.  19.  20.  11.  4.  10.  7.  1.
2.  1.  4.  4.  16.  16.  15.  6.  34.  29.  29.
9.  6.  2.  20.  35.  40.  32.  21.  53.  39.  26.
