0.  0.  0.  3.  3.  30.  41.  44.  29.  36.  5.
282.  0.  0.  0.  0.  0.  0.  0.  0.  0.  0.
0.  0.  16.  33.  28.  71.  67.  29.  16.  5.  0.
0.  2.  37.  53.  19.  15.  1.  0.  0.  0.  0.
0.  0.  0.  0.  0.  0.  0.  4.  7.  58.  140.
0.  0.  0.  0.  3.  8.  28.  34.  35.  114.  54.
0.  5.  52.  51.  28.  44.  18.  0.  0.  1.  0.
0.  103.  7.  0.  0.  0.  0.  0.  0.  0.  0.
0.  0.  13.  46.  35.  30.  8.  1.  0.  0.  0.
0.  0.  0.  0.  1.  12.  34.  31.  28.  41.  9.
0.  0.  2.  13.  16.  55.  86.  48.  41.  21.  1.
