0.  3.  15.  17.  23.  33.  31.  17.  10.  20.  22.
257.  24.  1.  0.  0.  0.  0.  0.  0.  0.  0.
0.  0.  10.  25.  38.  45.  47.  23.  25.  27.  25.
0.  3.  30.  13.  27.  19.  21.  3.  7.  2.  2.
0.  0.  0.  0.  2.  9.  19.  36.  36.  58.  49.
0.  0.  0.  3.  9.  26.  32.  52.  30.  75.  49.
1.  19.  28.  18.  22.  26.  21.  11.  13.  22.  18.
24.  56.  14.  5.  4.  2.  2.  1.  0.  2.  0.
0.  5.  27.  23.  30.  19.  18.  6.  2.  3.  0.
0.  0.  2.  5.  9.  29.  26.  12.  18.  30.  25.
0.  0.  6.  18.  35.  57.  66.  30.  15.  37.  19.
