6.  16.  36.  23.  35.  11.  8.  19.  18.  17.  2.
193.  49.  23.  11.  4.  0.  2.  0.  0.  0.  0.
18.  17.  40.  26.  44.  18.  21.  26.  23.  27.  5.
0.  2.  11.  11.  18.  4.  13.  18.  6.  32.  12.
39.  56.  54.  23.  24.  5.  7.  1.  0.  0.  0.
0.  6.  11.  9.  39.  11.  25.  47.  37.  62.  29.
1.  4.  11.  12.  19.  23.  11.  35.  30.  38.  15.
2.  10.  16.  15.  20.  10.  6.  11.  8.  7.  5.
0.  0.  2.  2.  8.  7.  5.  15.  10.  48.  36.
9.  10.  14.  6.  13.  8.  6.  17.  11.  38.  24.
14.  39.  65.  53.  41.  13.  23.  10.  13.  7.  5.
