6.  13.  15.  24.  28.  12.  11.  30.  29.  15.  8.
141.  59.  42.  24.  9.  5.  2.  0.  0.  0.  0.
8.  17.  44.  41.  43.  27.  19.  27.  20.  11.  8.
4.  7.  16.  15.  20.  12.  11.  10.  14.  9.  9.
32.  28.  34.  23.  26.  13.  10.  18.  10.  13.  2.
32.  33.  33.  45.  41.  23.  19.  20.  18.  8.  4.
3.  4.  20.  30.  31.  18.  11.  22.  28.  19.  13.
0.  0.  4.  6.  11.  3.  6.  11.  25.  19.  25.
7.  11.  14.  10.  13.  10.  7.  9.  19.  17.  16.
15.  13.  16.  16.  16.  14.  16.  19.  12.  9.  10.
34.  24.  38.  31.  45.  19.  15.  25.  24.  13.  15.
