25.  12.  24.  7.  27.  28.  18.  18.  21.  5.  6.
0.  0.  0.  0.  0.  5.  7.  12.  30.  50.  178.
40.  54.  57.  22.  49.  19.  8.  7.  7.  1.  1.
8.  6.  9.  13.  18.  18.  12.  13.  20.  4.  6.
40.  28.  44.  27.  34.  22.  8.  4.  2.  0.  0.
97.  57.  53.  28.  32.  7.  1.  1.  0.  0.  0.
2.  4.  7.  5.  29.  14.  25.  22.  45.  24.  22.
1.  0.  1.  2.  7.  8.  6.  12.  11.  11.  51.
3.  5.  22.  13.  25.  23.  12.  10.  13.  6.  1.
13.  21.  17.  13.  24.  21.  16.  13.  16.  0.  2.
47.  22.  31.  26.  38.  26.  20.  15.  34.  9.  15.
