0.  0.  40.  42.  19.  39.  19.  17.  13.  2.  0.
220.  56.  6.  0.  0.  0.  0.  0.  0.  0.  0.
0.  0.  1.  5.  6.  25.  23.  51.  110.  30.  14.
0.  0.  14.  30.  24.  43.  3.  8.  5.  0.  0.
0.  0.  0.  0.  0.  1.  1.  4.  45.  91.  67.
0.  0.  0.  0.  0.  0.  0.  1.  18.  71.  186.
1.  16.  86.  42.  20.  19.  7.  5.  3.  0.  0.
61.  38.  11.  0.  0.  0.  0.  0.  0.  0.  0.
0.  0.  7.  13.  11.  29.  26.  22.  21.  3.  1.
0.  0.  2.  11.  6.  35.  16.  27.  39.  12.  8.
0.  0.  32.  48.  41.  92.  38.  21.  11.  0.  0.
