2.2597534E-07  1.18534029E-08 -0.00357434095 -0.0061034906 -0.00423564214 -2.95392904E-07 -8.95218401E-07 -1.70383179 -5.11040556E-05  2.14041606E-09  0.00571833092  1.1961549E-07 -0.000152451615
1.18534029E-08  5.93958395E-07  0.000362959472  0.00162907678 -0.00150173031  7.01204844E-07  2.57081454E-06 -0.100279985  2.73550315E-05 -1.03406631E-08  0.00456452872 -6.30348818E-07  6.30448601E-05
-0.00357434095  0.000362959472  111.603039  93.3297967  71.2228687  0.0102077548  0.00535316818  27292.282  0.38067051  3.10297871E-05 -22.7493303  0.00740363249  1.04480605
-0.0061034906  0.00162907678  93.3297967  186.379297  96.7004094  0.00546785306  0.0447495501  45821.7652  1.13120886 -2.85772726E-05 -151.830762 -0.000229691426  3.44663401
-0.00423564214 -0.00150173031  71.2228687  96.7004094  101.190397  0.00457973682 -0.00014952871  33125.2271  0.932182995 -2.61908086E-05 -105.06327  0.000960207645  2.65708651
-2.95392904E-07  7.01204844E-07  0.0102077548  0.00546785306  0.00457973682  6.70330001E-05  7.32039686E-06  2.36292302  0.000569438152 -1.51686237E-07  0.0269092067 -2.15914091E-05  0.00220339397
-8.95218401E-07  2.57081454E-06  0.00535316818  0.0447495501 -0.00014952871  7.32039686E-06  0.000165848998  5.80965285  0.000209278039 -5.07971453E-08  0.0192268497 -1.10014571E-05  0.00128406337
-1.70383179 -0.100279985  27292.282  45821.7652  33125.2271  2.36292302  5.80965285  13079720.  358.7951 -0.0113932224 -42773.6673 -0.330751713  1066.5128
-5.11040556E-05  2.73550315E-05  0.38067051  1.13120886  0.932182995  0.000569438152  0.000209278039  358.7951  0.411682378 -8.26633548E-05  10.050787 -0.0113490407  1.37170756
2.14041606E-09 -1.03406631E-08  3.10297871E-05 -2.85772726E-05 -2.61908086E-05 -1.51686237E-07 -5.07971453E-08 -0.0113932224 -8.26633548E-05  2.03799059E-08 -0.00330440275  2.74435015E-06 -0.000292064897
0.00571833092  0.00456452872 -22.7493303 -151.830762 -105.06327  0.0269092067  0.0192268497 -42773.6673  10.050787 -0.00330440275  2328.41471 -0.521757141  44.6007654
1.1961549E-07 -6.30348818E-07  0.00740363249 -0.000229691426  0.000960207645 -2.15914091E-05 -1.10014571E-05 -0.330751713 -0.0113490407  2.74435015E-06 -0.521757141  0.000439627881 -0.0431953491
-0.000152451615  6.30448601E-05  1.04480605  3.44663401  2.65708651  0.00220339397  0.00128406337  1066.5128  1.37170756 -0.000292064897  44.6007654 -0.0431953491  4.86322425
