7.15014015E-08  5.35974481E-09 -0.00172792963 -0.00359454392 -0.00247761147 -2.77512206E-07  7.60068596E-08 -1.25723441  2.34396077E-06  3.28145311E-10 0.00436665035 -1.93324488E-07  1.41504234E-05
5.35974481E-09  6.42132476E-07  0.00334549761  0.000703576024 -0.00257500613 3.50211641E-06  3.48600605E-06 -0.374742282  1.7417774E-05  9.62995593E-10 0.00304659481  7.91663294E-07 -8.8071281E-06
-0.00172792963  0.00334549761  287.710906  73.8713991  70.3452571 0.0271725394  0.0584080577  31962.9069  1.2308912 -0.000210662086 -17.6474857 -0.00700729116  2.05918961
-0.00359454392  0.000703576024  73.8713991  221.994028  93.8880307 0.032029245  0.0198471732  61515.3133 -0.231174809  1.54605962E-05 -186.34612 0.0134996784 -0.820234083
-0.00247761147 -0.00257500613  70.3452571  93.8880307  148.867032 -0.0214351113 -0.0192017356  53278.2699  0.128656639 -6.59432442E-05 -214.464256 -0.00383524901  0.201328719
-2.77512206E-07  3.50211641E-06  0.0271725394  0.032029245 -0.0214351113 0.000352831214  1.11816935E-05  0.652664037 -0.000622410453  3.75969103E-07 -0.0179856804  5.52322107E-05 -0.00311846667
7.60068596E-08  3.48600605E-06  0.0584080577  0.0198471732 -0.0192017356 1.11816935E-05  0.000376607885 -2.61545709  0.000171869256  2.07326775E-08 0.173049624  5.6278081E-06  0.000860087969
-1.25723441 -0.374742282  31962.9069  61515.3133  53278.2699  0.652664037 -2.61545709  24351162.9 -15.9259407 -0.0150390262 -87262.6458  1.16330151 -109.457201
2.34396077E-06  1.7417774E-05  1.2308912 -0.231174809  0.128656639 -0.000622410453  0.000171869256 -15.9259407  0.150166422 -2.85956738E-05 1.58596124 -0.00229486123  0.351371049
3.28145311E-10  9.62995593E-10 -0.000210662086  1.54605962E-05 -6.59432442E-05  3.75969103E-07  2.07326775E-08 -0.0150390262 -2.85956738E-05 7.19741454E-09 -0.000926735487  7.88154689E-07 -8.22626085E-05
0.00436665035  0.00304659481 -17.6474857 -186.34612 -214.464256 -0.0179856804 0.173049624 -87262.6458  1.58596124 -0.000926735487  1580.28202 -0.252441305 17.3011258
-1.93324488E-07  7.91663294E-07 -0.00700729116  0.0134996784 -0.00383524901 5.52322107E-05  5.6278081E-06  1.16330151 -0.00229486123  7.88154689E-07 -0.252441305  0.000142979996 -0.0103041612
1.41504234E-05 -8.8071281E-06  2.05918961 -0.820234083  0.201328719 -0.00311846667  0.000860087969 -109.457201  0.351371049 -8.22626085E-05 17.3011258 -0.0103041612  1.11199849
