0.00639724843  0.0073237834  435.704958  389.528262  223.092885  0.0287792817  0.0349806754  69666.8534  10.7536339  0.000497185157  317.316942  0.165017377  33.568423
0.0115701652  0.00221257324  345.907748  184.267663  163.795624  0.0136766184  0.0155678882  23798.4007  10.867398  0.000418507326  432.252309  0.14135584  34.0234337
0.00642779211  0.00519167989  434.149668  365.739649  245.187872  0.0251226425  0.0365354185  72059.5774  10.8672964  0.00042498843  288.319989 0.16184234  33.4994147
0.00716754008  0.00643914661  414.816425  337.671606  223.329055  0.0283617748  0.0468290732  57538.874  10.8520372  0.000427864622  329.795063 0.156340709  33.7231575
0.00552335172  0.00460389435  461.439622  433.640344  263.903134  0.0221798964  0.0228992592  92866.2057  10.5448172  0.000520577904  286.520818  0.168858512  33.0001636
0.00575795297  0.00578964975  454.768605  408.392562  278.039047  0.0224977699  0.0495743946  90160.3442  10.922738  0.000411558681  265.038283 0.161981942  33.7779094
0.00704336302  0.00762407452  427.93798  343.110905  210.289417  0.0300994643  0.0468865141  57965.2714  10.6442888  0.000454140457  359.033322  0.159446864  33.3001553
0.00889145027  0.00578541009  378.302864  268.964627  171.0467  0.0414728836  0.0371166482  37701.2273  9.99423445  0.000590188945  399.922073  0.166007855  31.5138818
0.00689027609  0.00548478098  411.914684  347.942165  232.319947 0.0325732038  0.0615903586  62336.0827  10.8850035  0.000438047323  322.68012  0.156169504  34.041894
0.00616228763  0.00502137897  446.240429  395.707904  239.092987 0.0274232097  0.0491334077  75385.1154  10.6950263  0.000548774782  312.070109  0.17279325  33.0908994
0.00647590625  0.0052296559  434.946428  379.372283  224.754399  0.0252086815 0.0303246802  67979.8163  10.4777316  0.000522889919  313.329007  0.167357601  32.8570876
