0.00681105  0.00779244  0.00895646  0.00959011  0.0100512  0.0109394  0.0156867
0.00202903  0.00250168  0.00277744  0.00300411  0.00348991  0.00390209  0.285415
348.355  364.365  371.545  384.546  403.232  425.414  556.761
198.607  218.568  229.568  250.327  279.857  330.357  490.93
161.377  179.731  188.54  202.718  231.894  261.229  361.224
0.00891065  0.0115532  0.012597  0.0141178  0.0180672  0.0228663  0.17226
0.0159969  0.0236228  0.0283782  0.0369665  0.0438245  0.059737  0.190562
25832.  30633.  33777.  38514.  50860.  66077.  129270.
10.2289  10.4644  10.7297  10.9305  11.212  11.543  12.987
0.000293718  0.00033699  0.000399693  0.000457124  0.000508609  0.000576106  0.00156156
259.938  294.533  350.09  372.405  406.356  448.932  694.765
0.122948  0.134917  0.145118  0.157418  0.165844  0.175341  0.241864
32.0445  32.6549  33.2956  34.4714  35.4534  36.4511  41.976
