0.00559448  0.00595807  0.00612187  0.00628275  0.00649335  0.00679163  0.0069423  0.00723591  0.00795604  0.0101519  0.0134282
0.0033314  0.00425966  0.00454997  0.00492818  0.00530425  0.00548874  0.00566213  0.00612966  0.00644137  0.00708762  0.252643
364.135  384.901  399.671  406.221  414.726  425.034  436.751  445.431  453.07  475.787  684.609
218.829  299.328  331.169  345.383  354.88  371.061  385.478  395.4  403.676  425.924  492.272
172.403  188.448  212.567  219.828  223.427  231.155  235.761  241.634  256.543  269.151  326.677
0.0126541  0.0149824  0.0178421  0.0205652  0.0242426  0.0264944  0.0292235  0.0344122  0.0429177  0.0543152  0.127187
0.0167631  0.0209195  0.0260061  0.029714  0.0352137  0.0377653  0.0417145  0.0482393  0.0543812  0.0736827  0.137318
29713.  46113.  55839.  60484.  62836.  68373.  71487.  76724.  81909.  92525.  112375.
9.99783  10.3286  10.4733  10.5778  10.6604  10.7486  10.8005  10.9236  11.0825  11.1763  12.1181
0.000363124  0.000398311  0.000425876  0.000438754  0.000452525  0.000474042  0.000500933  0.000530005  0.000590892  0.000655266  0.00104902
253.213  269.835  289.783  301.521  323.083  341.682  352.712  365.299  391.967  409.361  583.203
0.142786  0.146995  0.150109  0.153958  0.159065  0.163663  0.167237  0.169172  0.176162  0.184328  0.217691
31.3037  32.253  32.6875  32.9344  33.2037  33.5725  33.8339  34.0172  34.4373  35.1823  37.8653
